14 60
35.75 75
28.50 55
30.25 60
40.25 75
25 55
65 70
18.50 60
45 45
48 75
39.45 20
25 10
11 50
14 60
35.75 75
28.50 55
30.25 60
40.25 75
25 55
50 50
37.5 60
45 60
25 10
11 50
14 60
35.75 75
28.50 55
30.25 60
40.25 75
25 55
65 70
18.50 60
45 45
48 75
39.45 20
25 10
11 50
25 10
11 50
14 60
35.75 75
28.50 55
30.25 60
40.25 75
25 55
35.75 75
28.50 55
30.25 60
40.25 75
35.75 75
28.50 55
30.25 60
40.25 75
18.50 60
45 45
48 75
39.45 20
55 36
33 50
28 60
